CREATE DATABASE  IF NOT EXISTS `invoperativa` /*!40100 DEFAULT CHARACTER SET latin1 */;
USE `invoperativa`;
-- MySQL dump 10.13  Distrib 5.1.40, for Win32 (ia32)
--
-- Host: localhost    Database: invoperativa
-- ------------------------------------------------------
-- Server version	5.1.50-community

/*!40101 SET @OLD_CHARACTER_SET_CLIENT=@@CHARACTER_SET_CLIENT */;
/*!40101 SET @OLD_CHARACTER_SET_RESULTS=@@CHARACTER_SET_RESULTS */;
/*!40101 SET @OLD_COLLATION_CONNECTION=@@COLLATION_CONNECTION */;
/*!40101 SET NAMES utf8 */;
/*!40103 SET @OLD_TIME_ZONE=@@TIME_ZONE */;
/*!40103 SET TIME_ZONE='+00:00' */;
/*!40014 SET @OLD_UNIQUE_CHECKS=@@UNIQUE_CHECKS, UNIQUE_CHECKS=0 */;
/*!40014 SET @OLD_FOREIGN_KEY_CHECKS=@@FOREIGN_KEY_CHECKS, FOREIGN_KEY_CHECKS=0 */;
/*!40101 SET @OLD_SQL_MODE=@@SQL_MODE, SQL_MODE='NO_AUTO_VALUE_ON_ZERO' */;
/*!40111 SET @OLD_SQL_NOTES=@@SQL_NOTES, SQL_NOTES=0 */;

--
-- Table structure for table `costo`
--

DROP TABLE IF EXISTS `costo`;
/*!40101 SET @saved_cs_client     = @@character_set_client */;
/*!40101 SET character_set_client = utf8 */;
CREATE TABLE `costo` (
  `Id` int(11) NOT NULL AUTO_INCREMENT,
  `Desde_Id` int(11) NOT NULL,
  `Hasta_Id` int(11) NOT NULL,
  `Costo` float(10,5) NOT NULL,
  PRIMARY KEY (`Id`),
  KEY `Desde_Id` (`Desde_Id`),
  KEY `Hasta_Id` (`Hasta_Id`),
  CONSTRAINT `costo_ibfk_1` FOREIGN KEY (`Desde_Id`) REFERENCES `ubicacion` (`ID`),
  CONSTRAINT `costo_ibfk_2` FOREIGN KEY (`Hasta_Id`) REFERENCES `ubicacion` (`ID`)
) ENGINE=InnoDB AUTO_INCREMENT=73 DEFAULT CHARSET=latin1;
/*!40101 SET character_set_client = @saved_cs_client */;

--
-- Dumping data for table `costo`
--

LOCK TABLES `costo` WRITE;
/*!40000 ALTER TABLE `costo` DISABLE KEYS */;
INSERT INTO `costo` VALUES (1,3,1,2.80300),(2,1,3,2.80300),(3,3,2,415.22601),(4,2,3,415.22601),(5,4,1,1.57600),(6,1,4,1.57600),(7,4,2,420.41199),(8,2,4,420.41199),(9,4,3,0.00000),(10,3,4,0.00000),(21,7,3,9.33100),(22,7,4,14.49400),(23,8,1,9.25400),(24,1,8,9.25400),(25,8,2,409.74899),(26,2,8,409.74899),(27,8,3,7.47400),(28,3,8,7.47400),(29,8,4,12.21200),(30,4,8,12.21200),(31,8,7,3.24200),(32,7,8,3.24200),(33,9,1,1.99300),(34,1,9,1.99300),(35,9,2,418.19000),(36,2,9,418.19000),(37,9,3,3.24700),(38,3,9,3.24700),(39,9,4,2.53500),(40,4,9,2.53500),(41,9,7,13.03500),(42,7,9,13.03500),(43,9,8,9.80400),(44,8,9,9.80400),(59,11,1,2.45800),(60,1,11,2.45800),(61,11,2,416.59399),(62,2,11,416.59399),(63,11,3,2.20600),(64,3,11,2.20600),(65,11,4,4.49600),(66,4,11,4.49600),(67,11,7,10.22300),(68,7,11,10.22300),(69,11,8,8.00400),(70,8,11,8.00400),(71,11,9,416.59399),(72,9,11,416.59399);
/*!40000 ALTER TABLE `costo` ENABLE KEYS */;
UNLOCK TABLES;
/*!40103 SET TIME_ZONE=@OLD_TIME_ZONE */;

/*!40101 SET SQL_MODE=@OLD_SQL_MODE */;
/*!40014 SET FOREIGN_KEY_CHECKS=@OLD_FOREIGN_KEY_CHECKS */;
/*!40014 SET UNIQUE_CHECKS=@OLD_UNIQUE_CHECKS */;
/*!40101 SET CHARACTER_SET_CLIENT=@OLD_CHARACTER_SET_CLIENT */;
/*!40101 SET CHARACTER_SET_RESULTS=@OLD_CHARACTER_SET_RESULTS */;
/*!40101 SET COLLATION_CONNECTION=@OLD_COLLATION_CONNECTION */;
/*!40111 SET SQL_NOTES=@OLD_SQL_NOTES */;

-- Dump completed on 2011-05-25 18:41:58
